Q2623K06W02Y* C2006 11 17.49816 01 47 43.87 -61 55 47.1          19.7 Vrs9001E12
Q2623K06W02Y  C2006 11 17.50556 01 47 42.97 -61 55 20.4          19.5 Vrs9001E12
Q2623K06W02Y  C2006 11 17.51299 01 47 42.18 -61 54 53.2          19.2 Vrs9001E12
Q2623K06W02Y  C2006 11 17.52036 01 47 41.28 -61 54 26.2          19.2 Vrs9001E12
Q2623K06W02Y  C2006 11 17.55735 01 47 36.81 -61 52 09.4          19.3 Vrs9001E12
Q2623K06W02Y  C2006 11 17.56677 01 47 35.80 -61 51 34.7          19.3 Vrs9001E12
Q2623K06W02Y  C2006 11 17.57621 01 47 34.72 -61 50 59.4          19.3 Vrs9001E12
Q2623K06W02Y  C2006 11 19.51794 01 44 28.17 -59 51 20.1          19.3 Ros9001474
Q2623K06W02Y  C2006 11 19.51910 01 44 28.12 -59 51 15.4          19.1 Ros9001474
Q2623K06W02Y  C2006 11 19.52083 01 44 27.96 -59 51 08.8          19.0 Ros9001474
Q2623K06W02Y  C2006 11 19.52222 01 44 27.85 -59 51 04.0          18.9 Ros9001474
Q2623K06W02Y  C2006 11 20.48892 01 43 08.90 -58 51 09.7          19.8 Vrs9001E12
Q2623K06W02Y  C2006 11 20.48956 01 43 08.76 -58 51 07.3          19.3 Vrs9001E12
Q2623K06W02Y  C2006 11 20.49021 01 43 08.72 -58 51 05.3          19.7 Vrs9001E12
Q2623K06W02Y  C2006 11 20.49086 01 43 08.72 -58 51 02.3          19.6 Vrs9001E12
Q2623K06W02Y  C2006 11 20.49150 01 43 08.65 -58 51 00.3          19.6 Vrs9001E12
Q2623K06W02Y (C2006 11 21.07807 01 42 24.28 -58 14 29.2                 t0737807
Q2623K06W02Y (C2006 11 21.08106 01 42 24.02 -58 14 17.9                 t0737807
Q2623K06W02Y (C2006 11 21.08517 01 42 23.68 -58 14 02.5                 t0737807
Q2623K06W02Y  C2006 11 21.42802 01 41 59.36 -57 52 38.3          19.7 Vrs9001E12
Q2623K06W02Y  C2006 11 21.43066 01 41 59.25 -57 52 28.0                rs9001E12
Q2623K06W02Y  C2006 11 21.43267 01 41 59.01 -57 52 20.7          19.5 Vrs9001E12
Q2623K06W02Y  C2006 11 21.43477 01 41 58.83 -57 52 12.9          19.8 Vrs9001E12
Q2623K06W02Y  C2006 11 21.43553 01 41 58.66 -57 52 10.4          19.6 Vrs9001E12
Q2623K06W02Y  C2006 11 21.43630 01 41 58.72 -57 52 07.3          19.1 Vrs9001E12
Q2623K06W02Y  C2006 11 21.43706 01 41 58.67 -57 52 04.2          19.7 Vrs9001E12
Q2623K06W02Y  C2006 11 21.43782 01 41 58.59 -57 52 02.2                rs9001E12
Q2623K06W02Y  C2006 11 21.44011 01 41 56.41 -57 51 53.4          19.8 Vrs9001F84
Q2623K06W02Y  C2006 11 21.46558 01 41 54.56 -57 50 16.3                rs9001F84
Q2623K06W02Y  C2006 11 27.33272 01 36 57.98 -51 41 19.2          19.6 Vrt0737F84
Q2623K06W02Y  C2006 11 27.34877 01 36 57.37 -51 40 18.3                rt0737F84
Q2623K06W02Y  C2006 12 07.48271 01 35 01.95 -41 04 34.6          19.4 Rrt2485E12
Q2623K06W02Y  C2006 12 07.48802 01 35 01.99 -41 04 14.8          19.4 Rrt2485E12
Q2623K06W02Y 7C2006 12 21.14058 01 40 30.43 -27 36 10.1                ot5575696
Q2623K06W02Y 7C2006 12 21.14302 01 40 30.51 -27 36 02.1                ot5575696
Q2623K06W02Y 7C2006 12 22.16321 01 41 11.15 -26 39 05.0                st5575696
Q2623K06W02Y 7C2006 12 22.16581 01 41 11.21 -26 38 58.0                st5575696
Q2623K06W02Y  C2006 12 22.45764 01 41 23.04 -26 22 29.3          19.3 Rot2485474
Q2623K06W02Y  C2006 12 22.45961 01 41 23.06 -26 22 23.5          19.8 Rot2485474
Q2623K06W02Y  C2006 12 22.46285 01 41 23.12 -26 22 12.1          19.8 Rot2485474
Q2623K06W02Y  C2006 12 22.46586 01 41 23.25 -26 22 02.5          20.0 Rot2485474
Q2623K06W02Y  C2007 01 09.13722 01 57 35.95 -11 31 57.9          21.1 Rot5575448
Q2623K06W02Y  C2007 01 09.16238 01 57 37.60 -11 30 48.6          20.7 Rot5575448
Q2623K06W02Y  C2007 01 09.18752 01 57 39.18 -11 29 40.7          19.7 Rot5575448
Q2623K06W02Y  C2007 01 28.17317 02 22 08.01 +01 18 16.0          21.5 Vot8199291
Q2623K06W02Y HC2007 01 28.17688 02 22 08.28 +01 18 24.3                ot8199291
Q2623K06W02Y  C2007 01 28.18059 02 22 08.58 +01 18 31.1          21.4 Vot8199291
Q2623K06W02Y HC2007 03 09.11815 03 32 26.04 +20 37 18.5                ou2372291
Q2623K06W02Y  C2007 03 09.12236 03 32 26.68 +20 37 24.3                ou2372291
Q2623K06W02Y  C2007 09 17.71285 09 20 50.23 -54 50 54.0          20    ov6281474
Q2623K06W02Y  C2007 09 17.71655 09 20 49.16 -54 51 01.6                ov6281474
Q2623K06W02Y  C2007 09 17.72002 09 20 48.29 -54 51 10.4                ov6281474
Q2623K06W02Y  C2007 09 17.72255 09 20 47.60 -54 51 16.6                ov6281474
Q2623K06W02Y  C2007 09 17.72449 09 20 47.26 -54 51 20.2                ov6281474
Q2623K06W02Y  C2007 10 15.70939 07 04 06.49 -65 02 41.5          20.0 Vrw0605E12
Q2623K06W02Y  C2007 10 15.71843 07 04 02.92 -65 02 47.1          19.5 Vrw0605E12
Q2623K06W02Y  C2007 10 15.72749 07 03 59.43 -65 02 53.1          19.4 Vrw0605E12
Q2623K06W02Y  C2007 10 15.73655 07 03 55.80 -65 02 58.2          19.4 Vrw0605E12
Q2623K06W02Y  C2007 12 07.52667 02 27 24.76 -38 15 48.8          19.4 Vrw9845E12
Q2623K06W02Y  C2007 12 07.53971 02 27 23.47 -38 15 02.0          18.9 Vrw9845E12
Q2623K06W02Y  C2007 12 07.55272 02 27 22.10 -38 14 13.9          19.2 Vrw9845E12
Q2623K06W02Y [C2008 01 07.24464 02 17 10.79 -09 46 13.1                c~0C8F568
Q2623K06W02Y [C2008 01 07.25213 02 17 10.95 -09 45 51.9                c~0C8F568
Q2623K06W02Y [C2008 01 07.26720 02 17 11.34 -09 45 08.3                c~0C8F568
Q2623K06W02Y [C2008 01 07.28223 02 17 11.72 -09 44 25.5                c~0C8F568
Q2623K06W02Y  C2008 02 12.13288 02 55 23.37 +12 50 45.4          20.5 Vrx7633G96
Q2623K06W02Y  C2008 02 12.13943 02 55 23.95 +12 50 57.1          20.2 Vrx7633G96
Q2623K06W02Y  C2008 02 12.14594 02 55 24.52 +12 51 08.7          20.2 Vrx7633G96
Q2623K06W02Y  C2008 02 12.15259 02 55 25.10 +12 51 21.0          20.1 Vrx7633G96
Q2623K06W02Y  C2008 11 09.64545 05 18 25.34 -49 48 22.0          19.3 Vr~01CfE12
Q2623K06W02Y  C2008 11 09.68337 05 18 14.14 -49 47 53.4          19.4 Vr~01CfE12
Q2623K06W02Y  C2008 11 09.69531 05 18 10.69 -49 47 45.2          19.1 Vr~01CfE12
Q2623K06W02Y  C2008 11 09.70728 05 18 07.12 -49 47 35.5          18.9 Vr~01CfE12
Q2623K06W02Y  C2008 12 03.60847 03 32 35.23 -36 41 32.7          18.8 Vr~01y8E12
Q2623K06W02Y  C2008 12 03.62160 03 32 32.56 -36 40 51.9          19.1 Vr~01y8E12
Q2623K06W02Y  C2008 12 03.63473 03 32 29.75 -36 40 10.9          18.5 Vr~01y8E12
Q2623K06W02Y  C2008 12 03.64787 03 32 27.09 -36 39 30.7          19.0 Vr~01y8E12
Q2623K06W02Y  C2008 12 20.45593 02 52 43.35 -20 55 58.6          18.9 Vr~02PnE12
Q2623K06W02Y  C2008 12 20.46664 02 52 42.38 -20 55 23.1          19.4 Vr~02PnE12
Q2623K06W02Y  C2008 12 20.48799 02 52 40.33 -20 54 09.5          19.5 Vr~02PnE12
Q2623K06W02Y  C2008 12 26.12766902 46 03.40 -15 37 48.1          18.8 Vo~02PnH55
Q2623K06W02Y  C2008 12 26.13210302 46 03.10 -15 37 34.2          18.5 Vo~02PnH55
Q2623K06W02Y  C2008 12 26.13759502 46 02.75 -15 37 15.9          18.8 Vo~02PnH55
Q2623K06W02Y  C2009 01 14.07004 02 41 10.37 -00 04 50.8          20.4 Vo~03ICH55
Q2623K06W02Y  C2009 01 14.07337 02 41 10.41 -00 04 42.1          20.5 Vo~03ICH55
Q2623K06W02Y  C2009 01 14.07640 02 41 10.45 -00 04 34.3          20.1 Vo~03ICH55
Q2623K06W02Y  C2009 01 14.08216 02 41 10.53 -00 04 19.1          20.1 Vo~03ICH55
Q2623K06W02Y QC2009 11 14.63020 05 50 45.91 -37 39 00.6          18.6 Rr~0DJlE12
Q2623K06W02Y QC2009 11 14.65196 05 50 41.09 -37 38 51.3          18.4 Rr~0DJlE12
Q2623K06W02Y  C2009 12 12.21808804 00 33.05 -23 52 41.1          19.5 Vo~0CJRH21
Q2623K06W02Y  C2009 12 12.22453604 00 31.64 -23 52 21.1          19.5 Vo~0CJRH21
Q2623K06W02Y  C2009 12 12.23030204 00 30.39 -23 52 03.1          18.8 Vo~0CJRH21
Q2623K06W02Y QC2009 12 13.57780 03 55 54.69 -22 42 08.8          18.7 Vr~0CJRE12
Q2623K06W02Y  C2010 01 03.12262103 09 53.02 -04 10 12.4          19.2 Vo~0CraH21
Q2623K06W02Y  C2010 01 03.12577003 09 52.72 -04 10 02.7          19.4 Vo~0CraH21
Q2623K06W02Y  C2010 01 03.12843003 09 52.54 -04 09 55.0          19.1 Vo~0CraH21
Q2623K06W02Y  C2010 01 03.13109503 09 52.30 -04 09 46.9                o~0CraH21
Q2623K06W02Y  S2010 02 02.65466 03 06 06.24 +16 40 32.1                L~0LJ6C51
Q2623K06W02Y  s2010 02 02.65466 1 + 5271.6901 + 4145.8065 + 1650.3778   ~0LJ6C51
Q2623K06W02Y  S2010 02 02.78697 03 06 11.76 +16 44 46.2                L~0LJ6C51
Q2623K06W02Y  s2010 02 02.78697 1 + 5263.7419 + 4161.6571 + 1636.0945   ~0LJ6C51
Q2623K06W02Y  S2010 02 02.91940 03 06 17.45 +16 49 02.8                L~0LJ6C51
Q2623K06W02Y  s2010 02 02.91940 1 + 5247.2105 + 4156.0167 + 1702.3141   ~0LJ6C51
Q2623K06W02Y  S2010 02 03.05170 03 06 23.02 +16 53 14.7                L~0LJ6C51
Q2623K06W02Y  s2010 02 03.05170 1 + 5239.0886 + 4172.3160 + 1686.3955   ~0LJ6C51
Q2623K06W02Y  S2010 02 03.11792 03 06 25.99 +16 55 22.1                L~0LJ6C51
Q2623K06W02Y  s2010 02 03.11792 1 + 5230.6715 + 4169.4327 + 1718.7340   ~0LJ6C51
Q2623K06W02Y  S2010 02 03.18401 03 06 28.82 +16 57 30.5                L~0LJ6C51
Q2623K06W02Y  s2010 02 03.18401 1 + 5231.2530 + 4188.0682 + 1671.2252   ~0LJ6C51
Q2623K06W02Y  S2010 02 03.25022 03 06 31.70 +16 59 36.4                L~0LJ6C51
Q2623K06W02Y  s2010 02 03.25022 1 + 5222.9971 + 4185.1022 + 1704.1256   ~0LJ6C51
Q2623K06W02Y  S2010 02 03.31644 03 06 34.53 +17 01 42.2                L~0LJ6C51
Q2623K06W02Y  s2010 02 03.31644 1 + 5214.5984 + 4182.0157 + 1737.2784   ~0LJ6C51
Q2623K06W02Y  S2010 02 03.38253 03 06 37.46 +17 03 49.4                L~0LJ6C51
Q2623K06W02Y  s2010 02 03.38253 1 + 5215.2406 + 4200.8880 + 1690.0918   ~0LJ6C51
Q2623K06W02Y  S2010 02 03.44874 03 06 40.31 +17 05 54.3                L~0LJ6C51
Q2623K06W02Y  s2010 02 03.44874 1 + 5206.9129 + 4198.0447 + 1722.7205   ~0LJ6C51
Q2623K06W02Y  S2010 02 03.51496 03 06 43.23 +17 08 01.8                L~0LJ6C51
Q2623K06W02Y  s2010 02 03.51496 1 + 5198.5480 + 4195.1433 + 1754.6985   ~0LJ6C51
Q2623K06W02Y  S2010 02 03.64726 03 06 49.09 +17 12 12.8                L~0LJ6C51
Q2623K06W02Y  s2010 02 03.64726 1 + 5190.7806 + 4211.1822 + 1738.7719   ~0LJ6C51
Q2623K06W02Y  S2010 02 03.77957 03 06 55.01 +17 16 24.8                L~0LJ6C51
Q2623K06W02Y  s2010 02 03.77957 1 + 5182.7143 + 4226.8515 + 1725.0379   ~0LJ6C51
Q2623K06W02Y  S2010 02 03.91200 03 07 00.96 +17 20 37.2                L~0LJ6C51
Q2623K06W02Y  s2010 02 03.91200 1 + 5165.6427 + 4220.3356 + 1791.0838   ~0LJ6C51
Q2623K06W02Y  S2010 02 04.04430 03 07 06.93 +17 24 47.0                L~0LJ6C51
Q2623K06W02Y  s2010 02 04.04430 1 + 5157.4512 + 4236.5773 + 1775.4170   ~0LJ6C51
Q2623K06W02Y KC2010 12 09.21440805 10 05.86 -19 33 54.3          18.4 Vo~0PlGH20
Q2623K06W02Y KC2010 12 09.21645505 10 05.33 -19 33 48.7          18.7 Vo~0PlGH20
Q2623K06W02Y KC2010 12 09.21841805 10 04.83 -19 33 44.7          18.7 Vo~0PlGH20
Q2623K06W02Y KC2010 12 09.22039205 10 04.25 -19 33 39.9          18.9 Vo~0PlGH20
Q2623K06W02Y KC2010 12 10.97509 05 02 47.07 -18 23 33.5          18.2 Rv~0Qip204
Q2623K06W02Y KC2010 12 10.98266 05 02 45.13 -18 23 14.7                v~0Qip204
Q2623K06W02Y KC2010 12 10.99040 05 02 43.14 -18 22 55.8                v~0Qip204
Q2623K06W02Y  C2010 12 11.36381 05 01 09.94 -18 07 16.2          18.4 Vr~0PlG703
Q2623K06W02Y  C2010 12 11.37209 05 01 07.86 -18 06 55.4          18.3 Vr~0PlG703
Q2623K06W02Y  C2010 12 11.38046 05 01 05.70 -18 06 34.7          18.1 Vr~0PlG703
Q2623K06W02Y  C2010 12 11.38881 05 01 03.57 -18 06 13.2          18.3 Vr~0PlG703
Q2623K06W02Y  C2010 12 15.14309 04 45 43.88 -15 17 56.8          18.0  c~0PlG704
Q2623K06W02Y  C2010 12 15.15665 04 45 40.55 -15 17 18.8          18.2  c~0PlG704
Q2623K06W02Y  C2010 12 15.17021 04 45 37.09 -15 16 40.6          18.1  c~0PlG704
Q2623K06W02Y  C2010 12 15.18381 04 45 33.79 -15 16 01.4          18.4  c~0PlG704
Q2623K06W02Y  C2010 12 15.19746 04 45 30.39 -15 15 23.1          18.2  c~0PlG704
Q2623K06W02Y KC2010 12 19.21284 04 29 49.38 -11 56 01.7          18.8 Vo~0QipH21
Q2623K06W02Y KC2010 12 19.21564 04 29 48.74 -11 55 53.2          18.8 Vo~0QipH21
Q2623K06W02Y KC2010 12 19.21844 04 29 48.08 -11 55 44.7          19.0 Vo~0QipH21
Q2623K06W02Y KC2010 12 19.22125 04 29 47.42 -11 55 35.7          18.6 Vo~0QipH21
Q2623K06W02Y KC2011 01 01.90949 03 46 55.68 +00 16 45.8                v~0RU5204
Q2623K06W02Y KC2011 01 01.91314 03 46 55.11 +00 16 57.3                v~0RU5204
Q2623K06W02Y KC2011 01 01.91652 03 46 54.61 +00 17 07.7                v~0RU5204
Q2623K06W02Y KC2011 01 01.92002 03 46 54.09 +00 17 18.9                v~0RU5204
Q2623K06W02Y KC2011 01 01.92358 03 46 53.56 +00 17 30.0          18.2 Rv~0RU5204
Q2623K06W02Y KC2011 01 02.09446403 46 29.46 +00 26 28.8          19.3 Vo~0QtJH20
Q2623K06W02Y KC2011 01 02.09649603 46 29.12 +00 26 35.5          19.0 Vo~0QtJH20
Q2623K06W02Y KC2011 01 02.09846503 46 28.87 +00 26 41.5          18.9 Vo~0QtJH20
Q2623K06W02Y KC2011 01 02.10042903 46 28.52 +00 26 47.6                o~0QtJH20
Q2623K06W02Y KC2011 01 02.14942403 46 21.22 +00 29 21.3          19.3 Vo~0QtJH21
Q2623K06W02Y KC2011 01 02.15166803 46 20.88 +00 29 28.2          19.3 Vo~0QtJH21
Q2623K06W02Y KC2011 01 02.15498703 46 20.39 +00 29 38.6          19.4 Vo~0QtJH21
Q2623K06W02Y KC2011 01 02.15783303 46 19.97 +00 29 47.4          19.2 Vo~0QtJH21
Q2623K06W02Y  C2011 01 03.15077 03 44 01.46 +01 21 28.2          18.4 Vr~0QtJ703
Q2623K06W02Y KC2011 01 03.15470103 44 00.38 +01 21 37.7          19.2 Vo~0QtJH20
Q2623K06W02Y KC2011 01 03.15673403 44 00.10 +01 21 43.9                o~0QtJH20
Q2623K06W02Y  C2011 01 03.15693 03 44 00.56 +01 21 46.3          18.5 Vr~0QtJ703
Q2623K06W02Y KC2011 01 03.15869303 43 59.81 +01 21 50.0          19.5 Vo~0QtJH20
Q2623K06W02Y KC2011 01 03.16066503 43 59.53 +01 21 56.3          19.2 Vo~0QtJH20
Q2623K06W02Y  C2011 01 03.16321 03 43 59.62 +01 22 06.3          18.5 Vr~0QtJ703
Q2623K06W02Y  C2011 01 03.16942 03 43 58.69 +01 22 25.8          18.8 Vr~0QtJ703
Q2623K06W02Y  C2011 01 05.81847 03 38 19.62 +03 37 06.2                o~0QtJ046
Q2623K06W02Y  C2011 01 05.82517 03 38 18.75 +03 37 25.8                o~0QtJ046
Q2623K06W02Y  C2011 01 05.82649 03 38 18.53 +03 37 29.5                o~0QtJ046
Q2623K06W02Y  C2011 01 05.82777 03 38 18.41 +03 37 34.5                o~0QtJ046
Q2623K06W02Y  C2011 01 05.83037 03 38 18.03 +03 37 41.5                o~0QtJ046
Q2623K06W02Y  C2011 01 05.83346 03 38 17.65 +03 37 50.1                o~0QtJ046
Q2623K06W02Y  C2011 01 05.83611 03 38 17.33 +03 37 59.2                o~0QtJ046
Q2623K06W02Y  C2011 01 05.83742 03 38 17.23 +03 38 02.8                o~0QtJ046
Q2623K06W02Y  C2011 01 09.11783 03 32 19.93 +06 18 14.2          19.1  c~0RU5704
Q2623K06W02Y  C2011 01 09.13088 03 32 18.54 +06 18 50.8          19.4  c~0RU5704
Q2623K06W02Y  C2011 01 09.14399 03 32 17.24 +06 19 27.9          18.4  c~0RU5704
Q2623K06W02Y  C2011 01 09.15710 03 32 15.82 +06 20 06.3          18.8  c~0RU5704
Q2623K06W02Y  C2011 01 09.17021 03 32 14.53 +06 20 41.6          18.9  c~0RU5704
Q2623K06W02Y  C2011 01 10.07419 03 30 48.47 +07 03 23.1          18.5  c~0RU5704
Q2623K06W02Y  C2011 01 10.08737 03 30 47.13 +07 04 00.0          19.0  c~0RU5704
Q2623K06W02Y  C2011 01 10.10056 03 30 45.87 +07 04 36.4          19.1  c~0RU5704
Q2623K06W02Y  C2011 01 10.11377 03 30 44.59 +07 05 14.3          19.0  c~0RU5704
Q2623K06W02Y  C2011 01 10.12700 03 30 43.23 +07 05 52.2          18.8  c~0RU5704
Q2623K06W02Y KC2011 01 10.97337 03 29 27.15 +07 45 10.1                u~0RU5I15
Q2623K06W02Y KC2011 01 10.97777 03 29 26.77 +07 45 21.9                u~0RU5I15
Q2623K06W02Y KC2011 01 10.98217 03 29 26.33 +07 45 34.5                u~0RU5I15
Q2623K06W02Y  C2011 01 11.07676 03 29 18.17 +07 49 59.1          19.0  c~0RU5704
Q2623K06W02Y  C2011 01 11.09005 03 29 16.90 +07 50 35.5          19.3  c~0RU5704
Q2623K06W02Y  C2011 01 11.10314 03 29 15.66 +07 51 11.4          19.1  c~0RU5704
Q2623K06W02Y  C2011 01 11.11631 03 29 14.38 +07 51 48.1          19.0  c~0RU5704
Q2623K06W02Y  C2011 01 11.12959 03 29 13.19 +07 52 25.0          19.5  c~0RU5704
